11 85 9 35
41 97 25 181
66 115 42 193
76 129 59 222
99 145 79 240
115 158 88 272
125 184 114 278
132 204 139 300
156 221 153 315
161 232 192 330
166 262 224 335
191 276 238 361
227 310 239 367
248 318 279 376
271 336 282 407
283 357 304 439
300 376 330 446
302 377 363 477
336 396 363 494
346 406 383 530
371 421 388 554
389 438 402 578
405 447 435 595
438 461 445 610
440 512 453 636
452 528 458 681
476 540 461 710
490 547 496 733
503 569 515 751
517 594 547 766
567 594 559 773
594 616 562 791
603 633 596 798
613 682 596 808
617 693 621 836
641 693 655 846
648 705 671 883
663 714 684 917
702 727 700 917
726 754 716 922
733 787 732 935
753 822 742 937
756 867 762 937
758 897 784 952
759 935 812 956
779 944 830 978
807 957 843 995
842 973 857 996
854 989 857 1037
862 1003 868 1070
