10 1.13502 0 1.13502
20 2.25689 0 2.25689
30 3.37874 0 3.37874
40 4.46541 0 4.46541
50 5.3818 0.00401427 5.38581
60 5.64353 0.331737 5.97527
70 4.21532 2.0393 6.25462
80 1.95706 4.84879 6.80585
90 1.25545 5.82133 7.07678
100 0.929058 6.26667 7.19573
110 0.692664 6.67608 7.36874
120 0.590675 6.8241 7.41477
130 0.47179 6.99919 7.47098
140 0.406435 7.09324 7.49967
150 0.40749 7.14341 7.5509
160 0.386302 7.15657 7.54287
170 0.385443 7.13223 7.51767
180 0.385399 7.1381 7.5235
190 0.367389 7.15737 7.52476
200 0.358178 7.16969 7.52787
210 0.362341 7.13878 7.50112
220 0.356476 7.13364 7.49012
230 0.344218 7.13845 7.48267
240 0.347275 7.08966 7.43694
250 0.340402 7.05633 7.39673
260 0.339206 7.05416 7.39337
270 0.333295 6.98612 7.31941
280 0.329223 6.98774 7.31696
290 0.325142 6.92514 7.25028
300 0.324292 6.90414 7.22843
310 0.323278 6.86647 7.18975
320 0.316151 6.80521 7.12136
330 0.316111 6.76431 7.08042
340 0.321408 6.73562 7.05703

