1 0 0 208 0
2 1 1 364 0
3 1 1 455 1
4 2 1 599 1
5 3 1 890 1
6 3 3 1265 1
7 3 4 1848 1
8 4 4 2065 2
9 4 5 2196 3
10 4 5 2449 5
11 4 5 2627 5
12 5 5 2812 5
13 5 5 3272 5
14 5 6 3475 5
15 7 7 3567 5
16 7 8 3840 5
17 7 8 3924 5
18 7 9 4092 5
19 8 9 4223 6
20 8 9 4302 6
21 8 10 4429 6
22 10 10 4548 6
23 11 10 4639 6
24 11 11 4937 6
25 11 11 5077 6
26 11 11 5158 6
27 11 13 5241 6
28 11 14 5338 6
29 13 14 5414 6
30 13 15 5561 6
31 13 15 5717 6
32 14 15 5836 6
33 14 16 5966 6
34 15 16 6313 6
35 17 16 6387 6
36 17 16 6626 6
37 18 16 6724 6
38 18 16 6840 7
39 19 17 7017 7
40 20 17 7142 7
41 20 18 7235 7
42 20 18 7385 7
43 21 20 7508 8
44 21 21 7655 8
45 22 23 7821 10
46 23 27 7950 10
47 26 29 8061 11
48 28 30 8192 11
49 28 30 8293 11
50 28 30 8503 11
51 28 31 8724 11
52 28 33 8815 11
53 28 33 9050 12
54 28 33 9355 12
55 29 33 9460 12
56 29 34 9693 12
57 29 34 9950 12
58 29 34 10030 12
59 29 35 10195 13
60 30 36 10310 13
61 31 36 10407 13
62 31 37 10572 13
63 33 37 10714 13
64 35 38 10790 13
65 35 39 10966 13
66 36 39 11132 15
67 37 39 11213 15
68 38 40 11304 15
69 38 41 11615 15
70 38 41 11727 16
71 38 41 12040 16
72 39 41 12131 16
73 39 42 12264 16
74 39 43 12472 16
75 39 43 12549 17
76 41 44 12731 17
77 41 44 12895 17
78 41 44 12962 17
79 42 44 13165 17
80 42 45 13323 17
81 43 46 13399 17
82 43 46 13654 17
83 43 46 13929 17
84 43 47 14000 17
85 44 48 14174 17
86 44 48 14349 18
87 46 50 14439 18
88 46 51 14550 18
89 46 52 14740 19
90 46 54 14820 19
91 46 57 14961 20
92 46 59 15199 20
93 47 59 15315 21
94 47 60 15684 22
95 47 60 15880 22
96 47 63 15960 22
97 47 64 16183 23
98 48 65 16555 23
99 48 65 16660 24
100 48 66 16829 24
101 48 66 16962 25
102 48 66 17109 25
103 49 67 17245 25
104 49 67 17340 26
105 50 69 17467 26
106 51 70 17584 26
107 52 73 17681 26
108 54 74 17795 26
109 54 75 17954 26
110 55 75 18048 26
111 56 75 18225 26
112 56 78 18389 28
113 57 79 18512 29
114 58 79 18618 30
115 58 79 18748 30
116 58 79 18823 30
117 58 82 19006 30
118 58 82 19255 31
119 58 82 19332 31
120 59 84 19691 31
121 59 85 19808 31
122 59 85 19910 32
123 60 85 20018 33
124 61 85 20156 34
125 62 86 20246 34
126 63 86 20429 35
127 63 86 20533 37
128 63 86 20611 39
129 63 88 20884 39
130 63 89 21020 40
131 66 89 21093 40
132 66 90 21183 40
133 66 91 21371 42
134 66 92 21439 42
135 67 93 21718 42
136 68 93 21802 43
137 68 93 22056 44
138 70 93 22158 44
139 70 93 22251 47
140 70 93 22377 50
141 71 97 22549 50
142 72 97 22627 51
143 72 97 22847 52
144 73 98 22997 52
145 74 98 23073 52
146 74 98 23293 52
147 75 98 23421 53
148 75 100 23505 54
149 76 103 23650 55
150 78 103 23796 56
151 81 103 23885 56
152 81 103 24129 57
153 81 104 24413 57
154 81 104 24554 57
155 81 104 24738 57
156 84 106 24890 57
157 85 107 24984 57
158 85 108 25091 57
159 85 109 25283 57
160 85 111 25385 58
161 85 114 25557 58
162 85 115 25666 58
163 87 118 25779 59
164 87 121 25968 59
165 87 121 26042 59
166 88 122 26181 59
167 88 122 26286 59
168 88 122 26360 59
169 89 125 26452 59
170 89 125 26560 59
171 90 127 26658 59
172 90 127 26801 59
173 91 127 26979 60
174 91 128 27050 60
175 92 129 27384 60
176 94 129 27506 60
177 94 130 27596 61
178 95 130 27852 62
179 95 131 28042 62
180 95 132 28157 62
181 95 134 28278 63
182 96 134 28371 63
183 96 134 28466 63
184 96 136 28627 64
185 96 137 28731 65
186 96 139 28834 65
187 97 139 29211 65
188 97 140 29407 65
189 97 141 29515 66
190 98 141 29617 66
191 99 142 29896 66
192 99 142 29975 66
193 99 142 30177 66
194 100 143 30323 67
195 101 143 30454 68
196 101 144 30680 68
197 101 146 30767 69
198 101 149 30890 69
199 101 150 30991 69
200 102 151 31080 70
