32561 0 0 208 0
32561 1 1 364 0
32561 1 1 455 1
32561 2 1 599 1
32561 3 1 890 1
32561 3 3 1265 1
32561 3 4 1848 1
32561 4 4 2065 2
32561 4 5 2196 3
32561 4 5 2449 5
32561 4 5 2627 5
32561 5 5 2812 5
32561 5 5 3272 5
32561 5 6 3475 5
32561 7 7 3567 5
32561 7 8 3840 5
32561 7 8 3924 5
32561 7 9 4092 5
32561 8 9 4223 6
32561 8 9 4302 6
32561 8 10 4429 6
32561 10 10 4548 6
32561 11 10 4639 6
32561 11 11 4937 6
32561 11 11 5077 6
32561 11 11 5158 6
32561 11 13 5241 6
32561 11 14 5338 6
32561 13 14 5414 6
32561 13 15 5561 6
32561 13 15 5717 6
32561 14 15 5836 6
32561 14 16 5966 6
32561 15 16 6313 6
32561 17 16 6387 6
32561 17 16 6626 6
32561 18 16 6724 6
32561 18 16 6840 7
32561 19 17 7017 7
32561 20 17 7142 7
32561 20 18 7235 7
32561 20 18 7385 7
32561 21 20 7508 8
32561 21 21 7655 8
32561 22 23 7821 10
32561 23 27 7950 10
32561 26 29 8061 11
32561 28 30 8192 11
32561 28 30 8293 11
32561 28 30 8503 11
32561 28 31 8724 11
32561 28 33 8815 11
32561 28 33 9050 12
32561 28 33 9355 12
32561 29 33 9460 12
32561 29 34 9693 12
32561 29 34 9950 12
32561 29 34 10030 12
32561 29 35 10195 13
32561 30 36 10310 13
32561 31 36 10407 13
32561 31 37 10572 13
32561 33 37 10714 13
32561 35 38 10790 13
32561 35 39 10966 13
32561 36 39 11132 15
32561 37 39 11213 15
32561 38 40 11304 15
32561 38 41 11615 15
32561 38 41 11727 16
32561 38 41 12040 16
32561 39 41 12131 16
32561 39 42 12264 16
32561 39 43 12472 16
32561 39 43 12549 17
32561 41 44 12731 17
32561 41 44 12895 17
32561 41 44 12962 17
32561 42 44 13165 17
32561 42 45 13323 17
32561 43 46 13399 17
32561 43 46 13654 17
32561 43 46 13929 17
32561 43 47 14000 17
32561 44 48 14174 17
32561 44 48 14349 18
32561 46 50 14439 18
32561 46 51 14550 18
32561 46 52 14740 19
32561 46 54 14820 19
32561 46 57 14961 20
32561 46 59 15199 20
32561 47 59 15315 21
32561 47 60 15684 22
32561 47 60 15880 22
32561 47 63 15960 22
32561 47 64 16183 23
32561 48 65 16555 23
32561 48 65 16660 24
32561 48 66 16829 24
32561 48 66 16962 25
32561 48 66 17109 25
32561 49 67 17245 25
32561 49 67 17340 26
32561 50 69 17467 26
32561 51 70 17584 26
32561 52 73 17681 26
32561 54 74 17795 26
32561 54 75 17954 26
32561 55 75 18048 26
32561 56 75 18225 26
32561 56 78 18389 28
32561 57 79 18512 29
32561 58 79 18618 30
32561 58 79 18748 30
32561 58 79 18823 30
32561 58 82 19006 30
32561 58 82 19255 31
32561 58 82 19332 31
32561 59 84 19691 31
32561 59 85 19808 31
32561 59 85 19910 32
32561 60 85 20018 33
32561 61 85 20156 34
32561 62 86 20246 34
32561 63 86 20429 35
32561 63 86 20533 37
32561 63 86 20611 39
32561 63 88 20884 39
32561 63 89 21020 40
32561 66 89 21093 40
32561 66 90 21183 40
32561 66 91 21371 42
32561 66 92 21439 42
32561 67 93 21718 42
32561 68 93 21802 43
32561 68 93 22056 44
32561 70 93 22158 44
32561 70 93 22251 47
32561 70 93 22377 50
32561 71 97 22549 50
32561 72 97 22627 51
32561 72 97 22847 52
32561 73 98 22997 52
32561 74 98 23073 52
32561 74 98 23293 52
32561 75 98 23421 53
32561 75 100 23505 54
32561 76 103 23650 55
32561 78 103 23796 56
32561 81 103 23885 56
32561 81 103 24129 57
32561 81 104 24413 57
32561 81 104 24554 57
32561 81 104 24738 57
32561 84 106 24890 57
32561 85 107 24984 57
32561 85 108 25091 57
32561 85 109 25283 57
32561 85 111 25385 58
32561 85 114 25557 58
32561 85 115 25666 58
32561 87 118 25779 59
32561 87 121 25968 59
32561 87 121 26042 59
32561 88 122 26181 59
32561 88 122 26286 59
32561 88 122 26360 59
32561 89 125 26452 59
32561 89 125 26560 59
32561 90 127 26658 59
32561 90 127 26801 59
32561 91 127 26979 60
32561 91 128 27050 60
32561 92 129 27384 60
32561 94 129 27506 60
32561 94 130 27596 61
32561 95 130 27852 62
32561 95 131 28042 62
32561 95 132 28157 62
32561 95 134 28278 63
32561 96 134 28371 63
32561 96 134 28466 63
32561 96 136 28627 64
32561 96 137 28731 65
32561 96 139 28834 65
32561 97 139 29211 65
32561 97 140 29407 65
32561 97 141 29515 66
32561 98 141 29617 66
32561 99 142 29896 66
32561 99 142 29975 66
32561 99 142 30177 66
32561 100 143 30323 67
32561 101 143 30454 68
32561 101 144 30680 68
32561 101 146 30767 69
32561 101 149 30890 69
32561 101 150 30991 69
32561 102 151 31080 70
