0 0 208 0
1 1 364 0
1 1 455 1
2 1 599 1
3 1 890 1
3 3 1265 1
3 4 1848 1
4 4 2065 2
4 5 2196 3
4 5 2449 5
4 5 2627 5
5 5 2812 5
5 5 3272 5
5 6 3475 5
7 7 3567 5
7 8 3840 5
7 8 3924 5
7 9 4092 5
8 9 4223 6
8 9 4302 6
8 10 4429 6
10 10 4548 6
11 10 4639 6
11 11 4937 6
11 11 5077 6
11 11 5158 6
11 13 5241 6
11 14 5338 6
13 14 5414 6
13 15 5561 6
13 15 5717 6
14 15 5836 6
14 16 5966 6
15 16 6313 6
17 16 6387 6
17 16 6626 6
18 16 6724 6
18 16 6840 7
19 17 7017 7
20 17 7142 7
20 18 7235 7
20 18 7385 7
21 20 7508 8
21 21 7655 8
22 23 7821 10
23 27 7950 10
26 29 8061 11
28 30 8192 11
28 30 8293 11
28 30 8503 11
28 31 8724 11
28 33 8815 11
28 33 9050 12
28 33 9355 12
29 33 9460 12
29 34 9693 12
29 34 9950 12
29 34 10030 12
29 35 10195 13
30 36 10310 13
31 36 10407 13
31 37 10572 13
33 37 10714 13
35 38 10790 13
35 39 10966 13
36 39 11132 15
37 39 11213 15
38 40 11304 15
38 41 11615 15
38 41 11727 16
38 41 12040 16
39 41 12131 16
39 42 12264 16
39 43 12472 16
39 43 12549 17
41 44 12731 17
41 44 12895 17
41 44 12962 17
42 44 13165 17
42 45 13323 17
43 46 13399 17
43 46 13654 17
43 46 13929 17
43 47 14000 17
44 48 14174 17
44 48 14349 18
46 50 14439 18
46 51 14550 18
46 52 14740 19
46 54 14820 19
46 57 14961 20
46 59 15199 20
47 59 15315 21
47 60 15684 22
47 60 15880 22
47 63 15960 22
47 64 16183 23
48 65 16555 23
48 65 16660 24
48 66 16829 24
48 66 16962 25
48 66 17109 25
49 67 17245 25
49 67 17340 26
50 69 17467 26
51 70 17584 26
52 73 17681 26
54 74 17795 26
54 75 17954 26
55 75 18048 26
56 75 18225 26
56 78 18389 28
57 79 18512 29
58 79 18618 30
58 79 18748 30
58 79 18823 30
58 82 19006 30
58 82 19255 31
58 82 19332 31
59 84 19691 31
59 85 19808 31
59 85 19910 32
60 85 20018 33
61 85 20156 34
62 86 20246 34
63 86 20429 35
63 86 20533 37
63 86 20611 39
63 88 20884 39
63 89 21020 40
66 89 21093 40
66 90 21183 40
66 91 21371 42
66 92 21439 42
67 93 21718 42
68 93 21802 43
68 93 22056 44
70 93 22158 44
70 93 22251 47
70 93 22377 50
71 97 22549 50
72 97 22627 51
72 97 22847 52
73 98 22997 52
74 98 23073 52
74 98 23293 52
75 98 23421 53
75 100 23505 54
76 103 23650 55
78 103 23796 56
81 103 23885 56
81 103 24129 57
81 104 24413 57
81 104 24554 57
81 104 24738 57
84 106 24890 57
85 107 24984 57
85 108 25091 57
85 109 25283 57
85 111 25385 58
85 114 25557 58
85 115 25666 58
87 118 25779 59
87 121 25968 59
87 121 26042 59
88 122 26181 59
88 122 26286 59
88 122 26360 59
89 125 26452 59
89 125 26560 59
90 127 26658 59
90 127 26801 59
91 127 26979 60
91 128 27050 60
92 129 27384 60
94 129 27506 60
94 130 27596 61
95 130 27852 62
95 131 28042 62
95 132 28157 62
95 134 28278 63
96 134 28371 63
96 134 28466 63
96 136 28627 64
96 137 28731 65
96 139 28834 65
97 139 29211 65
97 140 29407 65
97 141 29515 66
98 141 29617 66
99 142 29896 66
99 142 29975 66
99 142 30177 66
100 143 30323 67
101 143 30454 68
101 144 30680 68
101 146 30767 69
101 149 30890 69
101 150 30991 69
102 151 31080 70
