1 22
2 22
3 22
4 23
5 23
6 24
7 24
8 24
9 24
10 24
11 24
12 24
13 24
14 24
15 24
16 24
17 24
18 24
19 24
20 25
21 25
22 25
23 25
24 25
25 25
26 25
27 25
28 25
29 25
30 27
31 27
32 27
33 27
34 27
35 27
36 27
37 27
38 27
39 28
40 29
41 29
42 29
43 29
44 29
45 29
46 29
47 29
48 29
49 29
50 30
51 30
52 30
53 30
54 30
55 30
56 30
57 30
58 30
59 30
60 32
61 32
62 32
63 32
64 32
65 32
66 32
67 32
68 32
69 32
70 33
71 33
72 33
73 33
74 33
75 33
76 33
77 33
78 33
79 33
80 33
81 33
82 33
83 33
84 33
85 33
86 33
87 33
88 33
89 33
90 33
91 33
92 33
93 33
94 33
95 33
96 33
97 34
98 34
99 34
100 34
101 34
102 34
103 34
104 34
105 34
106 34
107 34
108 34
109 34
110 35
111 35
112 35
113 35
114 35
115 35
116 35
117 35
118 35
119 35
120 36
121 36
122 36
123 36
124 36
125 36
126 36
127 36
128 36
129 36
130 36
131 36
132 36
133 36
134 36
135 36
136 36
137 36
138 36
139 36
140 36
141 36
142 36
143 36
144 36
145 36
146 36
147 36
148 36
149 36
150 36
151 36
152 36
153 36
154 36
155 36
156 36
157 36
158 36
159 36
160 36
161 36
162 36
163 36
164 36
165 36
166 36
167 36
168 36
169 36
170 36
171 36
172 36
173 36
174 36
175 36
176 36
177 36
178 37
179 37
180 37
181 37
182 37
183 37
184 37
185 37
186 37
187 37
188 37
189 37
190 37
191 37
192 37
193 37
194 37
195 37
196 37
197 37
198 37
199 37
200 38
201 38
202 38
203 38
204 38
205 38
206 38
207 38
208 38
209 38
210 38
211 38
212 38
213 38
214 38
215 38
216 38
217 38
218 38
219 38
220 38
221 38
222 38
223 38
224 38
225 38
226 38
227 38
228 38
229 38
230 38
231 38
232 38
233 38
234 38
235 38
236 38
237 38
238 38
239 38
240 38
241 38
242 38
243 38
244 38
245 38
246 38
247 38
248 38
249 38
250 38
251 38
252 38
253 38
254 38
255 38
256 38
257 38
258 38
259 38
260 39
261 39
262 39
263 39
264 39
265 39
266 39
267 39
268 39
269 39
270 40
271 40
272 40
273 40
274 40
275 40
276 40
277 40
278 40
279 40
280 40
281 40
282 40
283 40
284 40
285 40
286 40
287 40
288 40
289 40
290 40
291 40
292 40
293 40
294 40
295 40
296 40
297 40
298 40
299 40
300 41
301 41
302 41
303 41
304 41
305 41
306 41
307 41
308 41
309 41
310 41
311 41
312 41
313 41
314 41
315 41
316 41
317 41
318 41
319 41
320 41
321 41
322 41
323 41
324 41
325 41
326 41
327 41
328 41
329 41
330 41
331 41
332 41
333 41
334 41
335 41
336 41
337 41
338 41
339 41
340 41
341 41
342 41
343 41
344 41
345 41
346 41
347 41
348 41
349 41
350 41
351 41
352 41
353 41
354 41
355 41
356 41
357 41
358 41
359 41
360 41
361 41
362 41
363 41
364 41
365 41
366 41
367 41
368 41
369 41
370 41
371 41
372 41
373 41
374 41
375 41
376 41
377 41
378 41
379 41
380 41
381 41
382 41
383 41
384 41
385 41
386 41
387 41
388 41
389 41
390 41
391 41
392 41
393 41
394 41
395 41
396 41
397 41
398 41
399 41
400 41
401 41
402 41
403 41
404 41
405 41
406 41
407 41
408 41
409 41
410 41
411 41
412 41
413 41
414 41
415 41
416 41
417 41
418 41
419 41
420 41
421 41
422 41
423 41
424 41
425 41
426 41
427 41
428 41
429 41
430 41
431 41
432 41
433 41
434 41
435 41
436 41
437 41
438 41
439 41
440 42
441 42
442 42
443 42
444 42
445 42
446 42
447 42
448 42
449 42
450 43
451 43
452 43
453 43
454 43
455 43
456 43
457 43
458 43
459 43
460 43
461 43
462 43
463 43
464 43
465 43
466 43
467 43
468 43
469 43
470 43
471 43
472 43
473 43
474 43
475 43
476 43
477 43
478 43
479 43
480 43
481 43
482 43
483 43
484 43
485 43
486 43
487 43
488 43
489 43
490 43
491 43
492 43
493 43
494 43
495 43
496 43
497 43
498 43
499 43
500 43
501 43
502 43
503 43
504 43
505 43
506 43
507 43
508 43
509 43
510 43
511 43
512 43
513 43
514 43
515 43
516 43
517 43
518 43
519 43
520 43
521 43
522 43
523 43
524 43
525 43
526 43
527 43
528 43
529 43
530 43
531 43
532 43
533 43
534 43
535 43
536 43
537 43
538 43
539 43
540 43
541 43
542 43
543 43
544 43
545 43
546 43
547 43
548 43
549 43
550 43
551 43
552 43
553 43
554 43
555 43
556 43
557 43
558 43
559 43
560 43
561 43
562 43
563 43
564 43
565 43
566 43
567 43
568 43
569 43
570 43
571 43
572 43
573 43
574 43
575 43
576 43
577 43
578 43
579 43
580 43
581 43
582 43
583 43
584 43
585 43
586 43
587 43
588 43
589 43
590 44
591 44
592 44
593 44
594 44
595 44
596 44
597 44
598 44
599 44
600 44
601 44
602 44
603 44
604 44
605 44
606 44
607 44
608 44
609 44
610 44
611 44
612 44
613 44
614 44
615 44
616 44
617 44
618 44
619 44
620 44
621 44
622 44
623 44
624 44
625 44
626 44
627 44
628 44
629 44
630 44
631 44
632 44
633 44
634 44
635 44
636 44
637 44
638 44
639 44
640 44
641 44
642 44
643 44
644 44
645 44
646 44
647 44
648 44
649 44
650 44
651 44
652 44
653 44
654 44
655 44
656 44
657 44
658 44
659 44
660 44
661 44
662 44
663 44
664 44
665 44
666 44
667 44
668 44
669 44
670 44
671 44
672 44
673 44
674 44
675 44
676 44
677 44
678 44
679 44
680 44
681 44
682 44
683 44
684 44
685 44
686 44
687 44
688 44
689 44
690 44
691 44
692 44
693 44
694 44
695 44
696 44
697 44
698 44
699 44
700 44
701 44
702 44
703 44
704 44
705 44
706 44
707 44
708 44
709 44
710 44
711 44
712 44
713 44
714 44
715 44
716 44
717 44
718 44
719 44
720 44
721 44
722 44
723 44
724 44
725 44
726 44
727 44
728 44
729 44
730 45
731 45
732 45
733 45
734 45
735 45
736 45
737 45
738 45
739 45
740 45
741 45
742 45
743 45
744 45
745 45
746 45
747 45
748 45
749 45
750 45
751 45
752 45
753 45
754 45
755 45
756 45
757 45
758 45
759 45
760 45
761 45
762 45
763 45
764 45
765 45
766 45
767 45
768 45
769 45
770 45
771 45
772 45
773 45
774 45
775 45
776 45
777 45
778 45
779 45
780 45
781 45
782 45
783 45
784 45
785 45
786 45
787 45
788 45
789 45
790 45
791 45
792 45
793 45
794 45
795 45
796 45
797 45
798 45
799 45
800 45
801 45
802 45
803 45
804 45
805 45
806 45
807 45
808 45
809 45
810 45
811 45
812 45
813 45
814 45
815 45
816 45
817 45
818 45
819 45
820 45
821 45
822 45
823 45
824 45
825 45
826 45
827 45
828 45
829 45
830 45
831 45
832 45
833 45
834 45
835 45
836 45
837 45
838 45
839 45
840 45
841 45
842 45
843 45
844 45
845 45
846 45
847 45
848 45
849 45
850 45
851 45
852 45
853 45
854 45
855 45
856 45
857 45
858 45
859 45
860 45
861 45
862 45
863 45
864 45
865 45
866 45
867 45
868 45
869 45
870 45
871 45
872 45
873 45
874 45
875 45
876 45
877 45
878 45
879 45
880 45
881 45
882 45
883 45
884 45
885 45
886 45
887 45
888 45
889 45
890 45
891 45
892 45
893 45
894 45
895 45
896 45
897 45
898 45
899 45
900 45
901 45
902 45
903 45
904 45
905 45
906 45
907 45
908 45
909 45
910 45
911 45
912 45
913 45
914 45
915 45
916 45
917 45
918 45
919 45
920 45
921 45
922 45
923 45
924 45
925 45
926 45
927 45
928 45
929 45
930 45
931 45
932 45
933 45
934 45
935 45
936 45
937 45
938 45
939 45
940 45
941 45
942 45
943 45
944 45
945 45
946 45
947 45
948 45
949 45
950 45
951 45
952 45
953 45
954 45
955 45
956 45
957 45
958 45
959 45
960 45
961 45
962 45
963 45
964 45
965 45
966 45
967 45
968 45
969 45
970 45
971 45
972 45
973 45
974 45
975 45
976 45
977 45
978 45
979 45
980 45
981 45
982 45
983 45
984 45
985 45
986 45
987 45
988 45
989 45
990 45
991 45
992 45
993 45
994 45
995 45
996 45
997 45
998 45
999 45
1000 45
