5 0
10 14
15 14
20 14
25 14
30 14
35 14
40 14
45 14
50 14
55 14
60 14
65 14
70 14
75 14
80 14
85 14
90 14
95 14
100 14
105 14
110 14
115 14
120 14
125 14
130 14
135 14
140 14
145 14
150 14
155 14
160 14
165 14
170 14
175 14
180 14
185 14
190 14
195 14
200 14
205 14
210 14
215 14
220 14
225 14
230 14
235 14
240 14
245 14
250 14
255 17
260 17
265 17
270 17
275 18
280 18
285 18
290 18
295 18
300 18
305 18
310 18
315 18
320 18
325 18
330 18
335 18
340 18
345 18
350 18
355 19
360 21
365 21
370 21
375 21
380 21
385 21
390 21
395 21
400 21
405 22
410 22
415 22
420 22
425 22
430 22
435 22
440 22
445 22
450 22
455 30
460 33
465 50
470 71
475 91
480 110
485 126
490 130
495 139
500 154
505 
