5 1 1 1 1
10 1 1 1 1
15 2 1 1 1
20 2 1 2 1
25 1 1 1 1
30 1 1 2 1
35 1 2 1 1
40 1 1 1 1
45 1 1 2 1
50 1 1 1 1
55 1 1 1 1
60 1 1 1 1
65 1 1 2 1
70 1 1 1 1
75 1 1 1 1
80 1 1 1 1
85 1 1 1 1
90 1 1 1 1
95 1 1 1 1
100 1 1 1 1
105 1 1 1 1
110 1 1 2 1
115 1 1 1 1
120 1 1 1 1
125 1 1 1 1
130 1 1 1 1
135 1 2 1 1
140 1 1 1 1
145 1 1 1 1
150 1 1 1 1
155 1 1 1 1
160 1 1 1 1
165 1 1 1 1
170 1 1 1 1
175 1 2 2 1
180 1 1 1 1
185 1 1 1 1
190 1 1 1 1
195 1 1 2 1
200 2 1 1 1
205 1 1 1 1
210 1 1 1 1
215 1 1 2 1
220 1 1 1 1
225 1 1 1 1
230 1 1 1 1
235 1 1 1 1
240 1 1 1 1
245 1 2 1 1
250 1 1 1 2
255 1 1 1 1
260 2 1 1 1
265 1 1 1 1
270 1 1 1 1
275 1 1 2 1
280 1 1 1 1
285 1 1 1 1
290 1 1 1 1
295 1 1 1 1
300 1 2 1 1
305 1 1 2 1
310 1 1 1 1
315 1 1 1 1
320 1 1 2 1
325 1 1 1 1
330 1 1 1 1
335 1 2 1 1
340 1 1 1 1
345 1 1 2 1
350 1 1 1 1
355 1 1 1 1
360 1 1 1 1
365 1 1 1 1
370 1 1 1 1
375 1 1 1 1
380 2 1 2 2
385 2 1 1 1
390 1 1 1 1
395 1 1 1 1
400 1 1 1 1
405 1 1 1 1
410 1 1 1 1
415 1 1 1 2
420 1 1 1 2
425 1 2 1 1
430 1 1 1 1
435 1 1 1 1
440 1 1 2 1
445 1 2 1 1
450 2 1 1 1
