5 3 2 2 2
10 2 3 2 2
15 2 2 2 2
20 2 2 2 2
25 2 3 2 2
30 2 2 2 2
35 2 2 2 2
40 2 3 2 2
45 2 3 2 2
50 2 2 2 2
55 2 2 2 2
60 2 2 2 2
65 2 3 2 2
70 2 2 2 2
75 2 2 2 2
80 2 2 2 2
85 2 3 2 2
90 2 2 2 2
95 2 2 2 2
100 2 3 2 2
105 2 3 2 2
110 2 2 2 2
115 2 2 2 2
120 2 2 3 2
125 2 2 3 2
130 2 2 2 2
135 2 2 2 2
140 2 2 3 2
145 2 2 2 2
150 2 2 2 2
155 2 2 2 2
160 2 2 2 2
165 2 3 2 2
170 2 2 2 2
175 2 2 2 2
180 2 2 2 2
185 2 2 2 2
190 2 2 2 2
195 2 2 2 2
200 2 2 2 2
205 2 2 2 2
210 2 2 2 2
215 2 2 2 2
220 2 3 2 2
225 2 2 2 2
230 2 2 2 2
235 2 2 2 2
240 2 3 2 2
245 2 2 2 2
250 2 2 2 2
255 2 2 2 2
260 2 2 2 2
265 2 2 2 2
270 2 2 2 2
275 2 2 2 2
280 2 2 2 2
285 2 3 2 2
290 2 2 2 2
295 2 2 2 2
300 2 2 2 2
305 2 4 2 2
310 3 3 3 3
315 3 3 3 3
320 3 4 3 2
325 3 4 3 3
330 3 3 3 3
335 2 3 3 2
340 2 4 3 3
345 3 2 2 2
350 3 3 3 3
355 2 2 3 2
360 2 3 2 2
365 3 2 2 2
370 3 2 2 2
375 5 3 3 3
380 3 2 2 2
385 2 3 3 2
390 3 2 2 2
395 2 2 2 2
400 3 2 2 2
405 3 2 2 2
410 3 2 3 3
415 2 2 2 2
420 2 2 2 2
425 2 2 2 2
430 2 2 2 3
435 2 2 2 2
440 3 3 3 4
445 2 2 2 2
450 2 2 2 3
455 2 2 2 2
460 2 2 2 2
465 2 2 2 3
470 2 2 2 3
475 2 2 2 2
480 2 2 2 2
485 2 2 2 7
490 2 2 2 3
495 3 3 3 3
500 2 2 2 3
505 2 2 2 2
