30146 0 0 0 0
30146 0 0 0 0
30146 0 0 0 0
30146 0 0 0 0
30146 0 0 0 0
30146 0 0 0 0
30146 0 0 0 0
30146 0 0 0 0
30146 0 0 0 0
30146 0 0 0 0
30146 0 0 0 0
30146 0 0 0 0
30146 0 0 0 0
30146 0 0 0 0
30146 0 0 0 0
30146 0 0 0 0
30146 0 0 1 0
30146 0 0 1 0
30146 0 0 1 0
30146 0 0 1 0
30146 0 0 1 0
30146 0 0 1 0
30146 0 0 1 0
30146 0 0 1 0
30146 0 0 1 0
30146 0 0 1 0
30146 0 0 1 0
30146 0 0 1 0
30146 0 0 1 0
30146 0 0 1 0
30146 0 0 1 0
30146 0 0 1 0
30146 0 0 1 0
30146 0 0 1 0
30146 0 0 1 0
30146 0 0 1 0
30146 0 0 1 0
30146 0 0 1 0
30146 0 0 1 0
30146 0 0 1 0
30146 0 0 1 0
30146 0 0 1 0
30146 0 0 1 0
30146 0 0 1 0
30146 0 0 1 0
30146 0 0 1 0
30146 0 0 1 0
30146 0 0 1 0
30146 0 0 1 0
30146 0 0 2 0
30146 0 0 2 0
30146 0 0 2 0
30146 0 0 2 0
30146 0 0 2 0
30146 0 0 2 0
30146 0 0 2 0
30146 0 0 2 0
30146 0 0 2 0
30146 0 0 2 0
30146 0 0 2 0
30146 0 0 2 0
30146 0 0 2 0
30146 0 0 2 0
30146 0 0 2 0
30146 0 0 2 0
30146 0 0 2 0
30146 0 0 2 0
30146 0 0 2 0
30146 0 0 2 0
30146 0 0 2 0
30146 0 0 2 0
30146 0 0 2 0
30146 0 0 2 0
30146 0 0 2 0
30146 0 0 2 0
30146 0 0 2 0
30146 0 0 2 0
30146 0 0 2 0
30146 0 0 2 0
30146 0 0 2 0
30146 0 0 2 0
30146 0 0 2 0
30146 0 0 2 0
30146 0 0 2 0
30146 0 0 2 0
30146 0 0 2 0
30146 0 0 2 0
30146 0 0 2 0
30146 0 0 2 0
30146 0 0 2 0
30146 0 0 2 0
30146 0 0 2 0
30146 0 0 2 0
30146 0 0 2 0
30146 0 0 2 0
30146 0 0 2 0
30146 0 0 2 0
30146 0 0 2 0
30146 0 0 2 0
30146 0 0 3 0
30146 0 0 3 0
30146 0 0 3 0
30146 0 0 3 0
30146 0 0 3 0
30146 0 0 3 0
30146 0 0 3 0
30146 0 0 3 0
30146 0 0 3 0
30146 0 0 3 0
30146 0 0 3 0
30146 0 0 3 0
30146 0 0 3 0
30146 0 0 3 0
30146 0 0 3 0
30146 0 0 3 0
30146 0 0 3 0
30146 0 0 3 0
30146 0 0 4 0
30146 0 0 4 0
30146 0 0 4 0
30146 0 0 4 0
30146 0 0 4 0
30146 0 0 4 0
30146 0 0 4 0
30146 0 0 4 0
30146 0 0 4 0
30146 0 0 4 0
30146 0 0 4 0
30146 0 0 4 0
30146 0 0 4 0
30146 0 0 4 0
30146 0 0 4 0
30146 0 0 4 0
30146 0 0 4 0
30146 0 0 4 0
30146 0 0 4 0
30146 0 0 4 0
30146 0 0 4 0
30146 0 0 4 0
30146 0 0 4 0
30146 0 0 4 0
30146 0 0 4 0
30146 0 0 4 0
30146 0 0 4 0
30146 0 0 4 0
30146 0 0 4 0
30146 0 0 4 0
30146 0 0 4 0
30146 0 0 4 0
30146 0 0 4 0
30146 0 0 4 0
30146 0 0 4 0
30146 0 0 4 0
30146 0 0 4 0
30146 0 0 4 0
30146 0 0 4 0
30146 0 0 4 0
30146 0 0 4 0
30146 0 0 4 0
30146 0 0 4 0
30146 0 0 4 0
30146 0 0 4 0
30146 0 0 4 0
30146 0 0 4 0
30146 0 0 4 0
30146 0 0 4 0
30146 0 0 4 0
30146 0 0 4 0
30146 0 0 4 0
30146 0 0 4 0
30146 0 0 4 0
30146 0 0 4 0
30146 0 0 4 0
30146 0 0 4 0
30146 0 0 4 0
30146 0 0 4 0
30146 0 0 4 0
30146 0 0 4 0
30146 0 0 4 0
30146 0 0 4 0
30146 0 0 4 0
30146 0 0 4 0
30146 0 0 4 0
30146 0 0 4 0
30146 0 0 4 0
30146 0 0 4 0
30146 0 0 4 0
30146 0 0 4 0
30146 0 0 4 0
30146 0 0 4 0
30146 0 0 4 0
30146 0 0 4 0
30146 0 0 4 0
30146 0 0 4 0
30146 0 0 4 0
30146 0 0 5 0
30146 0 0 5 0
30146 0 0 5 0
30146 0 0 5 0
30146 0 0 5 0
31602 30 17 15 9
31602 59 28 38 18
31602 73 45 70 27
31602 102 54 85 49
31602 131 74 114 76
31602 153 101 120 100
31602 155 123 145 121
31602 170 126 148 166
31602 196 129 170 196
31602 203 165 187 206
31602 223 187 198 220
31602 230 205 218 241
31602 242 227 235 267
31602 251 235 260 295
31602 271 267 278 302
31602 293 278 294 323
31602 332 300 303 326
31602 362 308 333 339
31602 388 331 338 358
31602 396 364 347 379
31602 423 367 360 412
31602 432 385 370 444
31602 439 400 383 485
31602 446 421 410 513
31602 457 449 435 521
31602 477 449 466 548
31602 513 474 470 553
31602 533 505 480 577
31602 555 518 517 586
31602 590 549 537 589
31602 637 566 544 611
31602 664 584 573 629
31602 673 630 581 639
31602 690 656 599 649
31602 698 692 612 661
31602 710 712 630 688
31602 744 729 637 704
31602 763 741 663 724
31602 784 746 683 747
31602 802 753 715 763
31602 822 776 739 771
31602 839 798 760 787
31602 867 802 782 815
31602 873 832 811 842
31602 890 855 825 864
31602 909 880 833 885
31602 919 906 849 905
31602 933 943 861 927
31602 945 965 894 935
31602 958 978 910 963
31602 971 1001 928 979
31602 974 1012 972 1007
31602 1005 1030 983 1028
31602 1021 1044 1025 1039
31602 1055 1069 1033 1050
31602 1065 1099 1054 1074
31602 1089 1111 1063 1104
31602 1108 1130 1086 1110
31602 1137 1151 1094 1131
31602 1163 1172 1109 1148
31602 1168 1202 1127 1175
31602 1183 1234 1138 1191
31602 1191 1240 1163 1222
31602 1225 1263 1179 1232
31602 1240 1273 1205 1252
31602 1247 1308 1224 1263
31602 1272 1327 1245 1293
31602 1286 1339 1278 1312
31602 1307 1355 1293 1332
31602 1315 1379 1329 1338
31602 1323 1408 1345 1360
31602 1348 1414 1382 1385
31602 1370 1449 1394 1404
31602 1385 1467 1428 1416
31602 1405 1485 1456 1439
31602 1447 1493 1466 1450
31602 1475 1507 1478 1471
31602 1507 1537 1486 1476
31602 1507 1541 1528 1499
31602 1519 1563 1545 1521
31602 1532 1583 1572 1534
31602 1568 1599 1596 1560
31602 1588 1619 1632 1574
31602 1609 1631 1644 1616
31602 1627 1655 1664 1643
31602 1646 1668 1695 1673
31602 1667 1706 1723 1685
31602 1726 1716 1741 1735
31602 1778 1753 1749 1770
31602 1808 1778 1786 1786
31602 1819 1798 1813 1805
31602 1834 1812 1838 1842
31602 1844 1861 1852 1858
31602 1886 1880 1859 1898
31602 1914 1888 1874 1953
31602 1935 1919 1891 1973
31602 1955 1948 1907 2009
31602 1972 1965 1932 2026
31602 2001 1985 1944 2065
31602 2018 1996 2006 2093
31602 2036 2022 2020 2120
31602 2077 2048 2043 2129
31602 2108 2095 2059 2149
31602 2117 2124 2084 2159
31602 2130 2167 2090 2180
31602 2160 2191 2100 2198
31602 2194 2227 2116 2212
31602 2210 2252 2130 2250
31602 2261 2263 2144 2259
31602 2292 2279 2163 2276
31602 2312 2283 2188 2297
31602 2332 2297 2213 2313
31602 2342 2306 2248 2335
31602 2352 2318 2273 2376
31602 2379 2334 2289 2392
31602 2412 2352 2311 2402
31602 2420 2378 2321 2433
31602 2441 2390 2345 2451
31602 2444 2415 2379 2465
31602 2462 2427 2396 2492
31602 2469 2460 2429 2507
31602 2493 2495 2446 2520
31602 2507 2508 2474 2542
31602 2518 2538 2495 2553
31602 2524 2568 2522 2566
31602 2547 2573 2536 2596
31602 2564 2596 2546 2629
31602 2594 2612 2565 2637
31602 2613 2629 2584 2652
31602 2625 2644 2603 2678
31602 2646 2679 2635 2684
31602 2674 2689 2660 2692
31602 2687 2703 2695 2714
31602 2725 2711 2723 2727
31602 2772 2718 2751 2739
31602 2799 2732 2764 2761
31602 2819 2748 2790 2769
31602 2845 2771 2809 2779
31602 2889 2784 2828 2805
31602 2917 2803 2836 2826
31602 2939 2825 2861 2843
31602 2958 2844 2888 2852
31602 2996 2852 2904 2874
31602 3016 2875 2917 2899
31602 3045 2895 2933 2907
31602 3079 2911 2946 2920
31602 3091 2946 2967 2939
31602 3095 2957 3007 2956
31602 3106 2975 3017 3009
31602 3132 2991 3027 3030
31602 3143 3026 3055 3041
31602 3167 3045 3078 3058
31602 3179 3066 3096 3088
31602 3198 3069 3125 3114
31602 3217 3090 3147 3133
31602 3253 3096 3164 3154
31602 3272 3120 3188 3174
31602 3308 3156 3191 3198
31602 3325 3177 3213 3207
31602 3350 3202 3240 3218
31602 3375 3207 3266 3248
31602 3405 3216 3284 3264
31602 3444 3218 3302 3281
31602 3464 3234 3331 3287
31602 3480 3250 3351 3311
31602 3496 3267 3371 3330
31602 3534 3281 3389 3341
31602 3553 3293 3410 3391
31602 3572 3300 3431 3414
31602 3601 3315 3452 3422
31602 3615 3344 3468 3439
31602 3640 3358 3493 3449
31602 3653 3400 3507 3468
31602 3662 3432 3535 3485
31602 3679 3456 3558 3498
31602 3679 3500 3573 3510
31602 3698 3521 3591 3533
31602 3727 3539 3604 3576
31602 3742 3579 3615 3596
31602 3772 3591 3641 3639
31602 3789 3606 3654 3665
31602 3799 3625 3693 3677
31602 3812 3659 3702 3710
31602 3835 3681 3708 3732
31602 3870 3714 3712 3742
31602 3891 3750 3718 3764
31602 3909 3759 3754 3772
31602 3928 3790 3771 3780
31602 3954 3799 3788 3807
31602 3962 3808 3817 3840
31602 3976 3829 3855 3853
31602 3985 3856 3881 3862
31602 4010 3867 3903 3881
31602 4027 3899 3915 3896
31602 4043 3916 3935 3910
31602 4056 3929 3962 3930
31602 4075 3964 3979 3947
31602 4109 4011 3988 3957
31602 4144 4013 4009 3969
31602 4161 4037 4019 3989
