1 0 0 0 0 0
2 0 0 0 1 1
3 0 0 0 3 3
4 0 0 0 3 3
5 0 0 0 3 3
6 0 0 0 3 3
7 0 0 0 3 3
8 0 0 0 3 3
9 0 0 0 3 3
10 0 0 0 3 3
11 0 0 0 3 3
12 0 0 0 3 3
13 0 0 0 4 4
14 0 0 0 4 4
15 0 0 0 5 5
16 0 0 0 5 5
17 0 0 0 5 5
18 0 0 0 5 5
19 0 0 0 5 5
20 0 0 0 5 5
21 0 0 0 5 5
22 0 0 0 5 5
23 0 0 0 5 5
24 0 0 0 5 5
25 0 0 0 5 5
26 0 0 0 5 5
27 0 0 0 5 5
28 0 0 0 5 5
29 0 0 0 5 5
30 0 0 0 6 6
31 0 0 0 6 6
32 0 0 0 6 6
33 0 0 0 7 7
34 0 0 0 7 7
35 0 0 0 7 7
36 0 0 0 7 7
37 0 0 0 7 7
38 0 0 0 7 7
39 0 0 0 7 7
40 0 0 0 7 7
41 0 0 0 7 7
42 0 0 0 7 7
43 0 0 0 7 7
44 0 0 0 7 7
45 0 0 0 8 8
46 0 0 0 8 8
47 0 0 0 8 8
48 0 0 0 8 8
49 0 0 0 8 8
50 0 0 0 8 8
