1 11 85 9 35 140
2 41 97 25 181 344
3 66 115 42 193 416
4 76 129 59 222 486
5 99 145 79 240 563
6 115 158 88 272 633
7 125 184 114 278 701
8 132 204 139 300 775
9 156 221 153 315 845
10 161 232 192 330 915
11 166 262 224 335 987
12 191 276 238 361 1066
13 227 310 239 367 1143
14 248 318 279 376 1221
15 271 336 282 407 1296
16 283 357 304 439 1383
17 300 376 330 446 1452
18 302 377 363 477 1519
19 336 396 363 494 1589
20 346 406 383 530 1665
21 371 421 388 554 1734
22 389 438 402 578 1807
23 405 447 435 595 1882
24 438 461 445 610 1954
25 440 512 453 636 2041
26 452 528 458 681 2119
27 476 540 461 710 2187
28 490 547 496 733 2266
29 503 569 515 751 2338
30 517 594 547 766 2424
31 567 594 559 773 2493
32 594 616 562 791 2563
33 603 633 596 798 2630
34 613 682 596 808 2699
35 617 693 621 836 2767
36 641 693 655 846 2835
37 648 705 671 883 2907
38 663 714 684 917 2978
39 702 727 700 917 3046
40 726 754 716 922 3118
41 733 787 732 935 3187
42 753 822 742 937 3254
43 756 867 762 937 3322
44 758 897 784 952 3391
45 759 935 812 956 3462
46 779 944 830 978 3531
47 807 957 843 995 3602
48 842 973 857 996 3668
49 854 989 857 1037 3737
50 862 1003 868 1070 3803
