3931 11 85 9 35 140
3931 41 97 25 181 344
3931 66 115 42 193 416
3931 76 129 59 222 486
3931 99 145 79 240 563
3931 115 158 88 272 633
3931 125 184 114 278 701
3931 132 204 139 300 775
3931 156 221 153 315 845
3931 161 232 192 330 915
3931 166 262 224 335 987
3931 191 276 238 361 1066
3931 227 310 239 367 1143
3931 248 318 279 376 1221
3931 271 336 282 407 1296
3931 283 357 304 439 1383
3931 300 376 330 446 1452
3931 302 377 363 477 1519
3931 336 396 363 494 1589
3931 346 406 383 530 1665
3931 371 421 388 554 1734
3931 389 438 402 578 1807
3931 405 447 435 595 1882
3931 438 461 445 610 1954
3931 440 512 453 636 2041
3931 452 528 458 681 2119
3931 476 540 461 710 2187
3931 490 547 496 733 2266
3931 503 569 515 751 2338
3931 517 594 547 766 2424
3931 567 594 559 773 2493
3931 594 616 562 791 2563
3931 603 633 596 798 2630
3931 613 682 596 808 2699
3931 617 693 621 836 2767
3931 641 693 655 846 2835
3931 648 705 671 883 2907
3931 663 714 684 917 2978
3931 702 727 700 917 3046
3931 726 754 716 922 3118
3931 733 787 732 935 3187
3931 753 822 742 937 3254
3931 756 867 762 937 3322
3931 758 897 784 952 3391
3931 759 935 812 956 3462
3931 779 944 830 978 3531
3931 807 957 843 995 3602
3931 842 973 857 996 3668
3931 854 989 857 1037 3737
3931 862 1003 868 1070 3803
