1 11 85 9 35
2 41 97 25 181
3 66 115 42 193
4 76 129 59 222
5 99 145 79 240
6 115 158 88 272
7 125 184 114 278
8 132 204 139 300
9 156 221 153 315
10 161 232 192 330
11 166 262 224 335
12 191 276 238 361
13 227 310 239 367
14 248 318 279 376
15 271 336 282 407
16 283 357 304 439
17 300 376 330 446
18 302 377 363 477
19 336 396 363 494
20 346 406 383 530
21 371 421 388 554
22 389 438 402 578
23 405 447 435 595
24 438 461 445 610
25 440 512 453 636
26 452 528 458 681
27 476 540 461 710
28 490 547 496 733
29 503 569 515 751
30 517 594 547 766
31 567 594 559 773
32 594 616 562 791
33 603 633 596 798
34 613 682 596 808
35 617 693 621 836
36 641 693 655 846
37 648 705 671 883
38 663 714 684 917
39 702 727 700 917
40 726 754 716 922
41 733 787 732 935
42 753 822 742 937
43 756 867 762 937
44 758 897 784 952
45 759 935 812 956
46 779 944 830 978
47 807 957 843 995
48 842 973 857 996
49 854 989 857 1037
50 862 1003 868 1070
