1 1 31 274 6 229 540
2 2 37 409 12 434 892
3 3 41 555 18 655 1269
4 4 45 616 22 792 1475
5 5 56 745 28 1015 1844
6 6 58 906 32 1210 2206
7 7 74 980 38 1336 2428
8 8 78 1139 42 1523 2782
9 9 88 1365 48 1683 3184
10 10 92 1481 52 1762 3387
11 11 100 1715 58 1888 3761
12 12 104 1736 64 1899 3803
13 13 123 1767 68 1912 3870
14 14 125 1785 74 1935 3919
15 15 133 1838 80 1992 4043
16 16 137 1939 84 2061 4221
17 17 145 1958 90 2105 4298
18 18 148 1977 97 2120 4342
19 19 172 1988 179 2247 4586
20 20 179 1992 425 2487 5083
21 21 194 1999 427 2520 5140
22 22 217 2003 427 2534 5181
23 23 243 2009 427 2548 5227
24 24 271 2017 432 2576 5296
25 25 279 2040 438 2602 5359
26 26 283 2047 443 2624 5397
27 27 291 2057 451 2649 5448
28 28 295 2072 457 2668 5492
29 29 303 2086 463 2706 5558
30 30 316 2277 471 2925 5989
31 31 325 2294 477 2956 6052
32 32 329 2312 483 2980 6104
33 33 339 2336 489 3000 6164
34 34 341 2358 493 3012 6204
35 35 353 2386 501 3029 6269
36 36 366 2409 507 3044 6326
37 37 374 2429 511 3065 6379
38 38 376 2438 517 3094 6425
39 39 387 2444 528 3128 6487
40 40 395 2449 542 3159 6545
41 41 409 2452 565 3173 6599
42 42 425 2453 588 3187 6653
43 43 441 2454 607 3201 6703
44 44 461 2460 610 3219 6750
45 45 497 2466 612 3239 6814
46 46 506 2477 613 3264 6860
47 47 514 2497 619 3276 6906
48 48 529 2511 630 3302 6972
49 49 543 2513 639 3328 7023
50 50 553 2513 654 3358 7078
