31 274 6 229
37 409 12 434
41 555 18 655
45 616 22 792
56 745 28 1015
58 906 32 1210
74 980 38 1336
78 1139 42 1523
88 1365 48 1683
92 1481 52 1762
100 1715 58 1888
104 1736 64 1899
123 1767 68 1912
125 1785 74 1935
133 1838 80 1992
137 1939 84 2061
145 1958 90 2105
148 1977 97 2120
172 1988 179 2247
179 1992 425 2487
194 1999 427 2520
217 2003 427 2534
243 2009 427 2548
271 2017 432 2576
279 2040 438 2602
283 2047 443 2624
291 2057 451 2649
295 2072 457 2668
303 2086 463 2706
316 2277 471 2925
325 2294 477 2956
329 2312 483 2980
339 2336 489 3000
341 2358 493 3012
353 2386 501 3029
366 2409 507 3044
374 2429 511 3065
376 2438 517 3094
387 2444 528 3128
395 2449 542 3159
409 2452 565 3173
425 2453 588 3187
441 2454 607 3201
461 2460 610 3219
497 2466 612 3239
506 2477 613 3264
514 2497 619 3276
529 2511 630 3302
543 2513 639 3328
553 2513 654 3358
