5 2 2 2 2
10 2 2 2 2
15 3 2 2 2
20 3 2 2 3
25 2 2 2 3
30 3 2 2 2
35 3 2 2 2
40 3 2 2 2
45 3 2 2 2
50 2 2 2 2
55 2 2 2 3
60 2 2 2 3
65 2 2 3 3
70 2 2 2 3
75 2 3 2 2
80 2 2 2 2
85 2 3 2 2
90 2 3 2 3
95 2 3 2 3
100 2 3 2 3
105 2 2 2 2
110 2 3 2 2
115 2 3 2 2
120 2 2 2 2
125 2 2 2 3
130 2 2 2 3
135 2 2 2 2
140 2 2 3 2
145 2 3 2 2
150 2 3 2 2
155 2 2 2 2
160 2 2 3 2
165 2 4 2 2
170 2 2 2 2
175 2 3 2 2
180 2 2 2 2
185 2 3 2 2
190 2 3 2 2
195 3 2 2 2
200 2 2 2 2
205 2 2 2 2
210 2 2 2 2
215 2 3 2 2
220 2 2 2 2
225 2 3 2 2
230 2 3 2 2
235 2 2 2 2
240 2 3 2 2
245 2 2 2 3
250 2 2 2 3
255 3 2 2 2
260 2 2 2 2
265 3 3 2 2
270 3 2 2 2
275 3 2 2 2
280 3 2 2 2
285 3 2 2 2
290 3 2 2 2
295 2 2 2 2
300 2 3 2 2
305 2 2 2 3
310 2 2 2 3
315 2 2 2 2
320 2 3 2 3
325 2 2 2 2
330 2 2 2 2
335 2 3 2 2
340 2 2 2 2
345 2 2 2 3
350 2 2 2 2
355 3 2 2 2
360 2 2 3 2
365 2 2 2 2
370 2 2 2 3
375 2 2 2 2
380 2 3 2 2
385 2 3 2 2
390 2 2 2 2
395 2 3 2 2
400 2 3 2 2
405 3 2 2 2
410 2 2 4 2
415 3 2 2 2
420 3 2 2 2
425 3 2 2 2
430 2 3 2 2
435 2 2 2 2
440 2 2 2 3
445 2 2 2 3
450 2 2 2 3
455 2 3 3 2
460 2 3 2 2
465 2 3 2 2
470 2 2 2 2
475 2 2 2 3
480 2 2 2 2
485 2 2 3 2
490 2 2 2 2
495 2 2 2 2
500 2 2 3 2
505 2 2 2 2
